-1.598192
 19.083942
 -0.414707
 -1.500058
 0.016464
 -2.571882
 -0.885991
 -1.111571
 -0.447176
 -2.343484
 -13.935123
 1.412972
 1.243970
 -1.419199
 0.373887
 0.869421
 -0.393866
 -1.545962
 -1.369414
 0.589588
 -1.427729
 0.078998
 -0.799054
 0.284672
 -1.022261
 -0.064942
 -1.808558
 1.202559
 -1.798246
 1.705175
 -1.480679
 -1.196824
 0.177013
 0.195528
 0.172079
 0.294614
 1.890217
 1.026884
 -0.866461
 1.319717
 -0.381447
 -0.194332
 -0.541689
 0.665171
 -2.600858
 -0.770647
 0.968566
 1.724036
 -0.918648
 -1.228834
 0.180041
 1.110161
 0.162234
 3.593315
 0.733601
 1.634865
 1.420213
 0.353664
 0.305728
 3.119568
 -0.822073
 0.139792
 -0.868723
 -0.984441
 -4.932218
 1.460925
 -0.541576
 0.191596
 -0.941469
 -2.127251
 0.375709
 0.109159
 2.112762
 1.081418
 0.140976
 2.246457
 0.095303
 2.294346
 -11.785117
 -1.284043
 1.921412
 0.081561
 -1.961020
 0.784435
 -1.156290
 -21.328128
 0.350606
 -1.973111
 0.910484
 -2.131525
 0.184268
 0.533085
 0.585459
 1.637263
 -0.570758
 0.049818
 1.282918
 -1.490563
 -1.534843
 -3.523025
 -2.561784
 1.519373
 1.866862
 -20.315038
 -1.770728
 -1.475143
 -0.530089
 -0.749557
 -2.194695
 -0.177171
 0.887708
 -1.700066
 -0.020114
 3.212490
 -1.403303
 2.233263
 -3.131891
 0.369298
 -1.015753
 1.929111
 -0.515351
 -1.436887
 -0.495626
 -0.237472
 -2.182738
 -0.543741
 -1.356464
 2.619343
 0.604670
 1.933893
 2.121406
 1.045357
 -1.142240
 -0.165087
 1.520608
 -0.927627
 0.303364
 -0.807108
 -1.977916
 1.164479
 -0.664024
 -0.217168
 0.160713
 -1.000367
 1.141788
 -1.730572
 -1.709767
 1.470888
 -0.386983
 2.024280
 -3.715969
 -0.900089
 -0.347970
 -1.010911
 1.681907
 -7.478136
 -2.117315
 -0.632760
 1.091178
 -2.216152
 -10.851359
 -1.099929
 3.008505
 0.369927
 -0.720190
 -0.296853
 0.310600
 -0.423013
 -0.724415
 -2.243498
 0.322084
 -0.901201
 1.572703
 0.321141
 -0.458183
 -1.462777
 -10.947494
 -0.879730
 1.388024
 2.642687
 -2.001999
 -1.041810
 -1.217001
 -0.016820
 -0.476639
 2.519760
 -1.295981
 0.115606
 -1.336874
 1.033688
 0.529760
 0.476635
 -0.234711
 -0.236311
 0.031256
 1.455772
 -1.818825
 -0.244504
 2.334398
 -1.294383
 0.075854
 -0.694254
 0.357107
 -0.541926
 1.222919
 -2.097910
 -1.113414
 -1.421226
 0.724160
 -0.170467
 -2.992595
 -0.389235
 1.103151
 -0.977782
 0.053118
 -0.504778
 2.879610
 -1.175222
 -0.541118
 -1.189572
 0.907233
 2.945939
 1.596241
 -1.032932
 1.621124
 0.365068
 0.374945
 -1.051382
 0.283326
 -0.350013
 0.543396
 -0.640375
 1.568670
 -0.174662
 -0.920420
 1.456573
 -0.491810
 2.641783
 1.047713
 -0.442551
 -2.187546
 2.786563
 0.838642
 -1.794793
 1.455909
 0.915018
 1.683130
 -0.541291
 -1.741823
 7.159730
 0.545163
 1.820904
 -1.958364
 0.147221
 2.839842
 3.256522
 1.119652
 5.264401
 -1.070636
 1.460928
 1.257724
 -0.101331
 3.122533
 -1.529675
 1.320678
 1.085252
 3.256243
 -1.604790
 9.325632
 0.395712
 1.399637
 1.696212
 1.117831
 1.440134
 2.023942
 -1.318568
 0.675215
 0.323286
 -1.220292
 8.952301
 17.968307
 -0.301211
 -2.559464
 0.446057
 1.425573
 -0.555116
 -1.530114
 -0.479829
 -2.232659
 0.112523
 -0.236980
 0.531024
 23.507705
 -0.447508
 1.445456
 -2.557423
 0.887449
 -1.453895
 2.247229
 -0.740175
 0.705643
 -0.862522
 0.939301
 -0.820812
 0.155217
 0.281415
 2.647218
 -2.334593
 2.122977
 -2.282119
 0.771567
 0.360786
 -0.355840
 2.639359
 2.450388
 -3.780945
 -1.171719
 0.093759
 0.819400
 0.531928
 1.342403
 1.015876
 -2.261936
 -1.587417
 -2.487545
 0.040324
 -0.230605
 6.517114
 -1.352223
 0.097979
 -0.719117
 0.000630
 0.229527
 1.373443
 -0.506643
 -1.706689
 -0.368567
 0.128969
 2.286994
 1.162407
 -0.543007
 -0.941734
 0.544765
 -1.893841
 -1.670944
 0.655239
 2.081227
 -2.219752
 1.978200
 0.316620
 0.926714
 -2.234298
 -7.690708
 0.191762
 1.909035
 -0.952365
 1.526543
 0.581023
 -1.070461
 -2.386970
 -1.006748
 0.524797
 1.827438
 0.314387
 -1.365165
 -2.000199
 0.090553
 0.626506
 -0.110851
 0.845464
 1.071444
 -3.183928
 0.033858
 0.476511
 -0.875256
 -1.654118
 2.016192
 1.939194
 -2.095882
 2.639933
 -0.073829
 0.480189
 -3.031740
 -1.367241
 0.443927
 1.154913
 1.430607
 -0.020282
 2.048832
 -2.162096
 0.964312
 0.383897
 1.300069
 -0.449161
 -0.605535
 2.328790
 -1.032245
 1.406704
 0.858234
 -0.533492
 0.754443
 -0.706243
 -0.311724
 1.212970
 -1.492199
 0.359121
 -1.184571
 0.494373
 0.136102
 0.268530
 0.331531
 -0.628140
 -0.281626
 0.411823
 -1.180324
 0.374881
 -0.444590
 -0.645474
 0.846611
 -1.313063
 0.397460
 -1.828218
 -0.193343
 2.044090
 1.905635
 0.321617
 2.607307
 -0.292314
 1.450762
 -0.355460
 0.005913
 0.384524
 0.973099
 0.889556
 -1.084934
 0.868060
 -1.446970
 -0.905985
 0.705452
 0.874721
 -0.743388
 0.861817
 -0.690931
 -0.579411
 0.976983
 -1.030932
 1.591580
 1.799251
 -0.063487
 1.369031
 0.116808
 1.191981
 -1.524744
 -1.790303
 -0.829760
 0.720567
 0.011137
 0.548238
 0.699429
 1.351430
 -0.154612
 0.802401
 2.155726
 -0.570223
 0.197473
 -1.524057
 0.755963
 1.018669
 -0.743421
 -0.944594
 -3.016089
 1.639456
 -0.111314
 -2.777983
 -0.271551
 -0.095506
 0.950897
 -0.811833
 -1.240244
 1.371435
 0.949758
 2.016991
 -0.935739
 -1.109966
 -0.670658
 0.252974
 -0.858902
 0.525655
 -0.331852
 -0.427858
 -1.310394
 -1.699400
 0.704437
 1.701424
 -0.928438
 0.367608
 -0.577251
 -2.166977
 0.559322
 -1.391000
 0.409339