 -1.273644
 2.352668
 0.003412
 0.079711
 -0.050921
 -0.149113
 -0.098897
 0.051855
 0.023390
 -0.115634
 -1.912851
 0.035460
 0.079568
 -0.161332
 -0.051540
 -0.004435
 -0.003496
 -0.105435
 -0.016132
 -0.152924
 -0.099668
 -0.006142
 -0.074109
 0.005849
 -0.166151
 0.037170
 0.006285
 0.125221
 0.016400
 -0.009812
 0.013106
 0.098314
 0.042210
 0.059494
 0.079798
 -0.029904
 0.053900
 0.018794
 0.039700
 -0.109325
 -0.000437
 0.135331
 -0.098735
 0.062244
 0.034907
 -0.088850
 0.082910
 0.053768
 0.116927
 -0.024289
 -0.052108
 0.010205
 0.068543
 0.058302
 0.043164
 0.124052
 0.090412
 0.051041
 0.005071
 0.036246
 -0.025446
 0.003546
 0.027988
 0.061300
 -0.112424
 0.044919
 -0.045585
 0.025750
 -0.014581
 -0.137495
 0.080768
 0.090621
 0.038323
 -0.019629
 0.032858
 0.085420
 -0.038917
 0.025061
 -1.440802
 -0.023402
 0.068439
 0.017347
 -0.083486
 0.143754
 -0.112543
 -2.867321
 0.097008
 -0.140024
 -0.052044
 -0.028647
 -0.051211
 0.075095
 -0.015152
 -0.010913
 -0.094161
 0.047244
 -0.002297
 -0.046267
 0.038699
 -0.078396
 -0.128554
 0.050953
 0.049321
 -2.385941
 -0.071528
 0.042140
 -0.070252
 0.096858
 -0.023720
 -0.044459
 0.024900
 -0.077116
 0.083886
 0.100372
 -0.050094
 0.028511
 0.013971
 -0.068168
 -0.008143
 0.006661
 0.051265
 -0.112495
 -0.051773
 -0.018784
 -0.063266
 0.066114
 -0.062517
 0.191783
 0.090325
 0.072487
 0.086532
 -0.013809
 0.092217
 -0.010223
 -0.027339
 -0.000950
 -0.089557
 -0.053610
 -0.041524
 0.020824
 0.037377
 0.111650
 -0.103772
 -0.026465
 0.047333
 -0.083243
 0.013836
 0.097169
 0.018152
 0.022122
 -0.026275
 -0.060001
 0.005947
 -0.077636
 -0.115829
 -0.944168
 -0.376989
 -0.053359
 0.014261
 -0.173485
 -1.579083
 0.016384
 0.057240
 -0.085615
 0.064372
 0.089533
 -0.063590
 0.020215
 -0.090186
 -0.138738
 0.045524
 0.094854
 -0.034207
 0.040960
 0.016743
 -0.020786
 -1.623401
 -0.059439
 -0.029056
 0.031730
 -0.030826
 -0.078735
 -0.055794
 -0.118243
 0.048911
 0.102095
 -0.017685
 0.110036
 -0.016224
 0.070248
 -0.071653
 -0.057568
 -0.056762
 -0.096668
 -0.047954
 0.033139
 -0.133194
 0.036062
 0.166243
 -0.187531
 -0.075414
 0.008956
 -0.073401
 0.062709
 0.036225
 0.029259
 0.045658
 0.083116
 -0.063926
 -0.002447
 -0.217063
 0.100072
 -0.071507
 -0.024752
 0.013970
 -0.027453
 -0.019177
 -0.200790
 -0.069741
 0.022722
 -0.125777
 0.100329
 0.119007
 0.103301
 0.009581
 0.014276
 -0.042888
 -0.053526
 -0.169708
 -0.010256
 -0.113349
 -0.188802
 0.090390
 0.026157
 0.017824
 0.040217
 0.030087
 -0.102275
 0.013712
 0.029871
 -0.060368
 0.106952
 -0.056886
 -0.050332
 0.005176
 0.130704
 0.080155
 -0.020239
 -0.029257
 0.648629
 0.107060
 -0.013473
 -0.118710
 0.123342
 0.098329
 0.055797
 0.070054
 0.575575
 0.017863
 0.037893
 0.074312
 -0.027619
 0.153995
 -0.077974
 0.018699
 0.031789
 0.107970
 -0.153696
 1.283625
 0.095039
 -0.019885
 0.079875
 0.017193
 0.044012
 -0.051077
 0.058343
 0.005103
 -0.010575
 0.002288
 1.214273
 2.272027
 -0.023648
 -0.028970
 0.005138
 0.031555
 0.162146
 -0.093545
 -0.010108
 -0.164524
 0.054882
 -0.040679
 0.092352
 2.839365
 -0.000024
 -0.065889
 0.063636
 -0.019756
 -0.033795
 0.106621
 -0.064930
 0.013604
 -0.033250
 -0.017076
 0.063599
 -0.065947
 0.060228
 0.096606
 0.043566
 0.235933
 0.025299
 -0.013210
 -0.023627
 0.024073
 0.106587
 0.032476
 -0.011284
 0.023530
 0.027748
 0.138096
 -0.050396
 0.102792
 0.021146
 -0.056602
 -0.053423
 -0.109643
 -0.070165
 0.002641
 0.846316
 0.034881
 -0.023245
 0.241599
 0.068618
 0.018746
 0.029664
 0.066514
 -0.052646
 -0.022578
 -0.042666
 0.074530
 0.053295
 -0.202906
 0.039868
 0.043983
 0.083923
 -0.080872
 0.106994
 0.090537
 -0.135075
 0.101601
 -0.115869
 -0.021056
 0.018192
 -0.778328
 0.127716
 0.099072
 0.037779
 0.107148
 0.018522
 0.031556
 0.106891
 0.061916
 0.108590
 0.098050
 0.071755
 -0.037133
 -0.025548
 -0.025909
 0.006900
 0.045314
 0.055939
 0.031679
 -0.215798
 -0.001109
 -0.037710
 0.020092
 -0.041054
 0.146458
 0.037310
 -0.117333
 0.036604
 -0.063362
 -0.080707
 0.072890
 -0.048933
 0.043437
 0.000614
 0.053754
 0.009917
 -0.100206
 -0.009054
 0.066056
 -0.061963
 0.130903
 0.034891
 0.193871
 0.000080
 -0.016334
 -0.042414
 0.049297
 -0.026202
 0.063906
 -0.105205
 0.130061
 0.014737
 -0.080353
 -0.008107
 -0.000565
 0.082678
 0.083160
 0.035413
 -0.099353
 -0.056915
 -0.105691
 0.042017
 0.007565
 -0.122489
 -0.008884
 -0.008358
 0.029791
 -0.044802
 0.024513
 0.063462
 -0.111011
 0.013605
 -0.134000
 0.118596
 -0.058365
 -0.066943
 -0.042879
 0.049824
 0.038940
 0.009783
 -0.031816
 0.030010
 -0.055324
 0.007755
 -0.018496
 0.001500
 -0.063300
 0.048050
 -0.022203
 0.058486
 0.100208
 0.128140
 -0.052200
 -0.026347
 0.141452
 0.163395
 0.055681
 0.026613
 -0.028424
 -0.033659
 -0.054732
 -0.050356
 -0.055890
 -0.006928
 -0.070037
 0.034333
 -0.045360
 0.049354
 -0.031259
 0.199215
 0.010662
 -0.071087
 0.024292
 -0.094205
 0.017359
 0.115055
 0.096337
 0.085094
 0.008163
 0.073377
 0.057710
 -0.102180
 0.001830
 0.038445
 -0.032000
 -0.021688
 -0.014500
 -0.019725
 -0.033556
 0.087472
 0.107146
 -0.030136
 0.025618
 0.087153
 0.119118
 0.117123
 -0.119353
 0.023580
 0.037285
 -0.008303
 -0.040344
 0.118418
 -0.029636
 0.169547
 -0.036535
 0.047566
 0.023734
 -0.102743
 -0.087238