10046.jpeg 55.1249 67.5579 59.2741 2044.4175 1652.4912 1281.2297 1782.2762 1295.9691 1278.4714 
10047.jpeg 90.0325 97.8852 82.4131 2554.3276 2212.1829 1962.9360 2328.3152 1973.1531 1974.0383 
10048.jpeg 63.7404 80.1719 71.3035 2281.7349 1770.3579 1411.5253 1947.3956 1391.7562 1380.7665 
10049.jpeg 71.4054 84.7253 71.1514 2796.6404 2349.8794 1935.4747 2506.5195 1927.8812 1917.5900 
11638.jpeg 47.7172 43.0114 31.7600 5802.9585 4921.7217 2946.5254 5324.9033 3758.9431 4025.7512 
11640.jpeg 67.1931 59.9620 40.9592 7297.2168 6010.0161 3263.7466 6589.8784 4301.2920 4635.9619 
11642.jpeg 110.5957 101.0641 65.0081 2722.2754 1994.2029 1381.2994 2295.4695 1594.5892 1782.6206 
11643.jpeg 110.1991 101.0426 64.9664 2969.8884 2291.0103 1676.6853 2568.3293 1888.2345 2054.5415 
11644.jpeg 107.6835 99.6370 67.1225 3558.3201 3142.2478 2684.4312 3305.4685 2822.5850 2921.7085 
1970.jpeg 47.4403 53.7482 45.6824 2523.1711 2942.4834 1286.0947 2698.4075 1646.9135 1473.7047 
1971.jpeg 41.9019 49.7938 48.0246 1821.6118 2102.5911 1107.4839 1921.3364 1352.1056 1212.3867 
1972.jpeg 56.8673 63.1741 51.9872 2654.3171 3022.2126 1516.2909 2792.2825 1913.6273 1746.7599 
1973.jpeg 56.8950 57.9436 40.5999 2230.3350 2483.2153 1373.2185 2321.4319 1620.1267 1446.1545 
1974.jpeg 43.7821 52.9529 52.1086 2004.2906 2308.9683 1229.1119 2115.3599 1510.7898 1359.4083 
1975.jpeg 50.3666 55.1607 48.3445 2567.2112 2906.6633 1163.8220 2700.8604 1486.7706 1346.9922 
2131.jpeg 129.2274 133.0030 145.7518 5952.8755 5185.4028 5837.9312 5321.9165 5209.6680 4958.3130 
2132.jpeg 143.5748 160.5305 167.6718 6535.4990 5322.4712 5221.9644 5575.1318 5082.8257 4983.6548 
2133.jpeg 155.7172 155.8214 156.2997 4072.3833 5991.9614 7228.0444 4002.8088 6489.7983 4088.9614 
2134.jpeg 157.6659 141.2002 130.4857 5442.0332 6041.5522 7465.3560 4562.7749 6616.2837 4658.3730 
2135.jpeg 131.5122 146.3007 153.8582 3501.9209 5393.2368 6641.6445 4059.9475 5866.1616 4225.4414 
2136.jpeg 154.0653 163.5345 164.4889 4589.4248 6585.6909 7095.1855 4954.2813 6760.9893 4943.9365 
2137.jpeg 162.1460 148.6285 142.3824 3297.0630 5339.2930 6787.0454 3165.0637 5889.5469 3062.6165 
2313.jpeg 85.8808 98.0407 124.5788 4427.5425 3849.7437 4070.8994 4003.5430 3553.4497 3281.5320 
2314.jpeg 87.1841 94.3284 97.0015 3707.3425 2838.7583 2747.3660 3054.5930 2366.4648 2089.9114 
2315.jpeg 60.4190 50.4721 44.6470 675.0089 444.4560 373.8241 511.2874 350.9369 329.9991 
2316.jpeg 63.2391 79.3423 79.5522 2635.1987 2245.5557 2780.5217 2315.9248 2298.4595 2106.8125 
2317.jpeg 55.4026 75.3090 84.7537 2089.6958 2269.3921 2763.0034 2045.6057 2415.4189 1996.6523 
2318.jpeg 63.4308 86.2153 93.5604 2179.5693 1637.3260 1496.9729 1824.2739 1433.6405 1429.1613 
2674.jpeg 193.9502 188.2790 179.5118 4999.3940 4893.1377 4862.4922 4797.5400 4794.7817 4552.5615 
2675.jpeg 147.4630 154.3938 149.5787 4529.5015 4902.2866 6205.6328 4588.2910 5406.6748 4906.5034 
2676.jpeg 118.4890 131.2298 129.5426 2145.0288 2713.2678 3829.3655 2391.0886 3160.1653 2724.5833 
2677.jpeg 161.0418 154.7148 155.2794 4365.1636 4257.6016 4888.1274 4102.9590 4457.8379 4050.3225 
2678.jpeg 114.4920 146.5507 174.7287 3973.8801 5589.8838 8299.5439 4662.7339 6682.5879 5537.6406 
3050.jpeg 90.1167 73.2485 49.6746 2769.3477 2625.0525 1638.0482 2641.3977 1997.5381 2008.3226 
3051.jpeg 106.1074 91.2631 57.5441 2245.0181 2158.3547 1471.5331 2177.5413 1720.6707 1708.4337 
3052.jpeg 93.2446 82.0952 59.5294 3230.2568 3310.8071 2279.1792 3241.2856 2656.1504 2557.5620 
3053.jpeg 91.2779 77.3528 50.0659 2476.8401 2284.8701 1502.8477 2356.7593 1799.7770 1840.1605 
3054.jpeg 105.0185 89.4083 58.4931 3298.4968 2980.2092 1962.7373 3110.8987 2356.8970 2429.1494 
3120.jpeg 95.7781 93.4131 71.1999 3537.0234 3380.2903 2549.6169 3419.6411 2861.3352 2860.9832 
3121.jpeg 108.8235 104.5318 80.0102 3691.6375 3490.5713 2572.5405 3544.5508 2906.3723 2878.6265 
3122.jpeg 86.6262 82.1072 61.6110 4289.2437 4056.7842 2956.7969 4122.0239 3387.2080 3419.4587 
3123.jpeg 73.2862 68.6225 51.0463 2254.2488 2116.2932 1571.9386 2143.1194 1762.2506 1808.6147 
3124.jpeg 83.0034 75.9078 58.8890 2429.5920 2385.8289 1666.4335 2318.5803 1929.1912 1893.6543 
3125.jpeg 84.4900 78.6937 61.2446 3371.6455 2661.0366 2080.8972 2948.8328 2270.5266 2461.1013 
3126.jpeg 106.2767 96.1875 72.1257 4132.1367 3205.3396 2119.0522 3579.4958 2485.8005 2690.7151 
3127.jpeg 100.2757 93.9026 75.9159 3820.7639 3174.3958 2718.0532 3428.5720 2859.2598 3042.9597 
3128.jpeg 84.1187 79.9679 63.3329 3604.9556 3360.9211 2589.0371 3434.8608 2892.3230 2933.8616 
3161.jpeg 118.1819 109.5413 77.5568 949.9388 803.4676 524.6950 862.1653 608.3569 627.4232 
3162.jpeg 121.0922 109.3415 74.2867 1357.3353 1179.1029 957.1924 1240.3352 1030.3586 1053.5802 
3163.jpeg 122.1199 113.5719 83.6148 744.8290 632.9128 642.0920 659.5431 600.9652 583.8474 
3164.jpeg 124.9058 112.7350 75.7463 2871.2021 2517.1753 1467.6138 2656.8513 1830.8755 1889.3944 
3165.jpeg 108.8805 103.7185 75.2630 635.2569 622.6318 602.4832 611.8486 579.3748 539.4165 
3166.jpeg 130.0684 118.6944 81.1569 1125.5159 1055.6221 794.3232 1061.7357 867.5482 827.8541 
3167.jpeg 125.1160 120.6757 89.6563 1188.6216 1347.2086 1137.3899 1253.3071 1217.8514 1121.7483 
3752.jpeg 85.4247 80.8823 62.8036 2988.5857 3106.0320 2345.9050 3013.5427 2653.7368 2584.7332 
3753.jpeg 75.0211 72.6655 60.9906 2616.2966 2952.3047 2297.2844 2761.6167 2582.1375 2407.0029 
3754.jpeg 73.7897 66.9290 55.3625 1784.2607 1974.7203 1508.2885 1864.8718 1709.1581 1606.3660 
3755.jpeg 79.0180 74.5376 57.5531 1818.2460 2004.8960 1663.9888 1862.6519 1793.6991 1657.0895 
3756.jpeg 72.5019 66.5137 54.6922 1851.3481 2077.1616 1583.4725 1951.6877 1797.7389 1682.5161 
3757.jpeg 75.2484 71.2316 57.5839 1883.2507 2049.1628 1618.2725 1952.0486 1792.9019 1698.4365 
3758.jpeg 79.8385 77.9552 58.5848 1726.2042 1749.0476 1563.9980 1671.7772 1614.9565 1580.0416 
3822.jpeg 113.7768 104.9381 79.7814 2381.4329 1979.0741 1794.2034 2065.1948 1782.8711 1716.7407 
3823.jpeg 102.5435 91.2240 67.6946 1900.8772 1002.5582 576.1623 1320.4456 672.0768 763.8356 
3824.jpeg 94.7680 85.4421 64.5471 1799.6110 982.0514 526.3703 1282.6584 643.7154 746.1100 
3825.jpeg 101.0841 88.0726 62.1671 1723.9337 1008.1533 596.7819 1252.7581 686.1563 727.1637 
3826.jpeg 105.2809 89.3613 59.7296 1504.2356 879.0536 627.2736 1067.6743 636.1641 610.3145 
3827.jpeg 123.4936 109.0751 77.3097 2201.1709 1201.1444 661.7414 1530.1106 770.6797 816.6790 
3828.jpeg 97.1642 89.4771 65.1982 1227.0247 900.8862 765.6258 987.6741 759.9831 713.0692 
4025.jpeg 159.8419 169.2447 175.7437 3777.5513 3723.1611 4614.5493 3731.9348 4082.1982 4049.7749 
4026.jpeg 158.8732 155.9369 163.4617 1133.2310 1753.4049 4058.8906 1386.6580 2570.1274 1971.7351 
4027.jpeg 83.5926 99.5189 119.6630 2436.3003 2634.9133 3542.0938 2376.6550 2724.1670 2032.7234 
4028.jpeg 120.5646 124.7611 142.5041 3318.0020 2931.6074 3412.9341 3019.6616 3003.3362 2860.3511 
4029.jpeg 152.7460 147.7529 158.8039 1983.1154 1722.7085 2440.0300 1669.9608 1906.6246 1519.5819 
4039.jpeg 162.5751 159.9035 167.3491 4709.3423 4453.0723 4574.4502 4434.2017 4391.2896 4163.1885 
404.jpeg 68.2318 77.5293 36.0713 1261.1055 1209.5883 1676.2925 1190.2097 1013.5919 776.3200 
4040.jpeg 143.8398 150.1874 165.2666 4860.9209 4310.4648 4384.1411 4436.9839 4184.3936 4037.1904 
4041.jpeg 137.4793 130.6984 139.6395 1445.7185 1504.4399 2633.6936 1316.5746 1861.7349 1334.8550 
4042.jpeg 136.1944 141.6490 156.1080 3675.2185 3874.4460 3972.1086 3648.8423 3817.1870 3411.5349 
4052.jpeg 112.9169 110.7161 107.6154 1841.5104 1401.6700 1211.6362 1513.0771 1023.5823 807.9720 
4053.jpeg 119.3769 118.4027 114.9939 757.4976 685.8797 975.8455 620.7249 677.6042 391.8595 
4054.jpeg 118.3567 117.6067 116.0675 7170.0566 7252.1387 7133.8848 7203.6460 7173.1396 7114.9526 
4055.jpeg 110.5452 105.0800 97.9319 4552.7339 4371.7866 4530.3076 4452.1880 4419.1094 4480.1226 
4056.jpeg 105.7362 98.5163 87.6342 2672.0220 2644.7483 2741.1292 2639.4563 2636.7913 2588.4463 
4066.jpeg 119.3350 107.1632 82.2296 877.5674 908.2090 991.6858 878.8608 907.8252 842.2924 
4067.jpeg 90.2284 80.5613 65.4493 1171.7800 1315.2057 1570.8967 1211.2113 1384.9897 1207.7789 
4068.jpeg 108.4005 109.7092 101.4532 969.4111 1027.3656 1325.4977 929.4221 1009.5738 743.2420 
4069.jpeg 96.4943 73.6364 56.7225 3361.1511 2904.3369 2106.2190 3072.5994 2410.4468 2479.4788 
407.jpeg 54.7757 95.5859 129.3041 3063.8665 2991.4980 2779.9705 2721.0957 2823.5225 2354.3281 
4244.jpeg 101.6494 129.8519 157.1444 1593.3596 3143.2075 5715.2500 2155.0637 4155.8501 2710.3875 
4245.jpeg 91.9338 86.1670 66.2521 3239.2329 2943.6255 3524.9094 3031.1084 3089.0178 3043.8064 
4246.jpeg 98.5701 94.6203 84.7053 489.0448 330.0119 251.9752 390.8596 262.5195 283.7137 
4258.jpeg 101.0636 95.7190 90.9709 1450.3895 1027.0151 1152.4138 1123.3281 860.6241 646.1995 
4259.jpeg 157.0714 136.3963 92.5582 1501.6451 1229.5585 861.7014 1285.7673 1010.1524 1059.0405 
426.jpeg 171.4438 133.7347 93.2385 3665.4722 2966.8186 2795.0229 2693.6299 2739.8035 2678.0789 
4271.jpeg 162.0793 134.2982 79.0614 961.8218 783.0463 565.7827 845.7008 605.6432 618.0621 
4272.jpeg 144.6514 145.6535 130.5249 3705.3296 1088.7118 1620.8634 1833.5098 -249.6128 -1383.6372 
4273.jpeg 150.9880 131.0665 85.5460 2008.1825 1605.2219 620.0802 1773.4960 839.9106 851.0377 
4285.jpeg 135.2343 138.3412 111.8285 3532.5989 3007.6077 2992.9558 2583.3494 2700.6521 1510.3124 
4286.jpeg 127.6503 131.4087 105.4619 3326.8406 2951.0537 2875.1716 2504.1533 2635.0715 1496.6603 
4287.jpeg 118.4942 108.2439 96.3231 4638.8394 4236.3066 4337.9502 4200.3296 3953.9326 3467.4180 
