10046.jpeg 0.8917 0.4321 1.0586 0.4693 1.8182 1.1352 2.0536 1.4229 1.0901 0.5988 1.0167 0.4609 1.0625 0.4150 1.6952 0.9012 1.6502 0.8881 1.0423 0.4274 1.0715 0.3789 1.0869 0.4226 1.4048 0.6228 1.4480 0.6160 1.0094 0.3103 
10047.jpeg 0.9210 0.4636 1.3759 0.9347 2.1212 1.5085 1.6122 1.0158 0.9737 0.4305 1.0824 0.5290 1.3414 0.7142 1.7831 1.0124 1.4875 0.7246 0.9108 0.3501 1.1754 0.4055 1.4344 0.7484 1.4314 0.6985 1.1003 0.4416 0.9119 0.2400 
10048.jpeg 0.8682 0.4536 0.9962 0.5051 1.6961 1.0105 1.7236 1.0478 1.1049 0.6519 0.9542 0.4759 1.0285 0.4274 1.4493 0.8595 1.4154 0.7277 1.0870 0.4981 1.0378 0.3538 1.1573 0.4002 1.2233 0.5871 1.1504 0.5641 1.0850 0.3403 
10049.jpeg 0.9804 0.5153 1.1655 0.5938 1.8788 1.2160 2.0645 1.3968 1.2573 0.7469 1.0600 0.5531 1.1214 0.4545 1.6826 1.0140 1.8332 1.0187 1.1820 0.5506 1.1834 0.4952 1.2060 0.4073 1.3586 0.5508 1.5282 0.7651 1.0507 0.3654 
11638.jpeg 0.5143 0.7154 0.5444 0.8462 0.8177 2.0198 0.6905 1.2672 0.4728 0.5761 0.6087 0.8765 0.8153 1.7105 1.1567 3.2752 0.8236 1.6613 0.5298 0.6558 0.9222 1.4545 1.3837 3.3116 1.9082 5.1241 1.1179 2.2976 0.6342 0.5758 
11640.jpeg 0.6400 1.1511 0.5522 0.7262 0.8527 1.6732 0.7416 1.1178 0.4901 0.4806 0.7693 1.6444 0.7919 1.3603 1.1745 2.5523 0.9057 1.5901 0.5605 0.5746 1.2786 2.5845 1.4298 2.9539 2.0862 4.9764 1.3239 2.5133 0.7891 0.7303 
11642.jpeg 0.1418 0.1016 0.1085 0.0109 0.2238 0.0710 0.1921 0.0547 0.0715 0.0071 0.2669 0.1740 0.3336 0.1292 0.5523 0.3651 0.4241 0.2848 0.1784 0.0465 0.5748 0.3431 0.7425 0.3816 0.9767 0.6873 0.6270 0.4106 0.3255 0.0956 
11643.jpeg 0.2881 0.1792 0.3037 0.1556 0.4868 0.4233 0.4494 0.3604 0.2524 0.1077 0.4122 0.3026 0.4922 0.3442 0.6606 0.5544 0.5382 0.4762 0.3349 0.1825 0.6453 0.4167 0.8045 0.4833 1.0110 0.7511 0.6629 0.4701 0.3983 0.1467 
11644.jpeg 0.9049 1.2651 0.8776 1.5694 1.0775 2.3206 1.0033 2.0731 0.7675 1.0901 0.7208 0.7578 0.7791 0.9196 0.8503 0.9606 0.7550 0.9692 0.6060 0.6562 0.7491 0.5114 0.9011 0.6359 1.0357 0.8506 0.7241 0.5690 0.5024 0.2459 
1970.jpeg 0.6489 0.5659 0.5850 0.3481 0.6908 0.5400 0.7738 0.6748 0.6017 0.4257 0.9077 0.8518 0.7420 0.5390 0.8657 0.8872 0.8962 0.7691 0.8556 0.6760 1.3957 1.2541 1.2504 1.0533 1.4626 1.4346 1.4452 1.2940 1.2270 0.9314 
1971.jpeg 0.6372 0.4629 0.6527 0.4091 0.9688 0.7633 1.0096 0.9021 0.6280 0.3747 0.8241 0.5440 0.7567 0.4491 0.9639 0.8114 1.0634 1.0294 0.7871 0.4517 1.2161 1.0759 1.1954 0.9075 1.3149 0.9163 1.3713 1.3178 0.9354 0.5196 
1972.jpeg 0.7678 0.7213 0.7038 0.6113 0.8859 0.5833 0.9968 0.7946 0.7040 0.4144 1.1774 1.1393 1.0388 0.8810 1.1345 0.8749 1.1556 0.8337 1.1316 0.7895 1.8879 1.5927 1.6085 1.4022 1.7306 1.1850 1.6990 1.3783 1.5229 0.8580 
1973.jpeg 0.6579 0.5061 0.6183 0.3531 0.8962 0.9040 0.8742 0.8168 0.6145 0.4567 0.9658 0.9257 0.7847 0.6061 0.9294 0.8858 1.0019 0.9274 0.8941 0.7288 1.5226 1.3370 1.2617 0.9888 1.4729 1.8524 1.4568 1.2725 1.3922 1.3364 
1974.jpeg 0.5741 0.3674 0.6347 0.3628 0.9457 0.7437 1.0060 0.8195 0.5901 0.3486 0.7789 0.4492 0.8004 0.4259 0.9723 0.7473 0.9965 0.7641 0.8004 0.4648 1.1079 1.0646 1.2190 1.0485 1.4774 1.2139 1.4555 1.3936 0.8669 0.5400 
1975.jpeg 0.6728 0.5164 0.5957 0.3731 0.7096 0.4545 0.7884 0.6058 0.6572 0.4544 0.8947 0.8443 0.7156 0.5362 0.8286 0.6404 0.8945 0.7330 0.9066 0.8593 1.4965 1.2934 1.1470 0.8971 1.2896 1.0132 1.4344 1.2594 1.3468 1.0960 
2131.jpeg 0.9852 0.9792 0.6639 0.5072 0.9095 1.2557 0.8071 1.0022 0.6620 0.4989 1.2953 1.5652 0.7047 0.4114 1.0547 1.4384 0.8190 0.8874 0.6833 0.3827 1.5804 1.2414 0.9535 0.4751 1.3310 1.3938 0.9001 0.6783 0.8472 0.3740 
2132.jpeg 0.7280 0.7760 0.7140 0.7195 1.1714 1.7840 1.0682 1.5937 0.6329 0.5923 0.8835 0.9267 0.7527 0.5407 1.1742 1.3711 0.9120 0.8480 0.6297 0.4338 0.9435 0.6378 0.9720 0.5283 1.4961 1.4051 0.9145 0.4555 0.5663 0.2059 
2133.jpeg 0.6343 0.7390 0.6551 0.6918 1.1650 1.3576 1.0368 1.1504 0.6636 0.7965 0.6831 0.6176 0.6948 0.4197 1.3896 1.4963 1.1193 1.0460 0.6572 0.5342 0.9727 0.8570 1.0391 0.5101 1.7964 1.7396 1.4483 1.3684 0.7596 0.5186 
2134.jpeg 0.6986 0.7286 0.6587 0.5784 0.9701 1.1242 0.9127 1.1149 0.6258 0.5410 0.9043 0.9238 0.7552 0.4749 1.0827 0.9128 0.9554 0.7746 0.7589 0.5868 1.3840 1.0749 1.0712 0.4201 1.5227 1.3978 1.2072 0.8377 0.9711 0.6117 
2135.jpeg 0.8026 0.6670 0.8414 0.6595 1.3195 1.5350 1.1895 1.2203 0.7851 0.5549 0.9809 0.7637 0.8812 0.5300 1.3525 1.1864 1.2204 0.9224 0.8287 0.4396 1.2213 0.9962 1.2628 0.9168 1.6612 1.1784 1.2376 0.7492 0.9132 0.3743 
2136.jpeg 0.9241 1.0421 0.8154 0.7788 1.0559 1.4120 0.9682 1.2548 0.7135 0.5775 1.0736 1.0030 0.9894 0.7694 1.2513 1.3971 1.0216 1.0890 0.7472 0.4978 1.2737 0.8813 1.5154 0.9384 1.4534 1.0650 1.2281 0.8633 0.9892 0.6168 
2137.jpeg 0.8110 0.7637 0.5692 0.4284 0.6472 0.8160 0.7156 0.9766 0.5937 0.5784 1.1226 1.4520 0.6822 0.3500 0.7047 0.6696 0.7654 0.8100 0.6927 0.5817 1.4620 1.4688 0.9034 0.2641 1.0216 0.9350 0.9067 0.6855 0.8030 0.4332 
2313.jpeg 0.6609 0.9536 0.5898 0.5646 1.1054 2.0845 0.9983 1.4827 0.5596 0.5328 0.8627 1.4637 0.6576 0.4503 1.0350 1.2067 0.8258 0.7099 0.6106 0.5772 0.9956 1.3150 0.9602 0.6640 1.5329 2.1077 1.0248 0.6959 0.7316 0.4534 
2314.jpeg 0.7713 1.0937 0.6297 0.6027 1.1503 1.5860 1.1317 1.6071 0.5827 0.5572 0.9201 1.7282 0.7246 0.7161 1.3233 1.6289 1.1952 1.6490 0.6590 0.6297 1.0022 1.1158 0.8553 0.3567 1.6060 1.6276 1.1455 0.9527 0.7185 0.4955 
2315.jpeg 0.6286 0.7555 0.3998 0.2250 0.6617 0.7092 0.5892 0.5628 0.3451 0.1776 0.6691 0.6983 0.4538 0.2019 0.7867 0.7956 0.6627 0.6347 0.3909 0.2116 0.5787 0.2678 0.6353 0.2821 1.2357 1.4776 0.8978 0.7141 0.4206 0.2462 
2316.jpeg 0.7595 0.9402 0.6757 0.6283 0.9084 1.1371 0.8316 0.9147 0.6009 0.5112 0.9299 1.4522 0.7960 0.6728 1.0385 0.9707 0.7988 0.6183 0.6440 0.4977 0.7444 0.4322 0.8243 0.3577 1.4893 1.5697 0.9790 0.8537 0.6163 0.3004 
2317.jpeg 0.5727 0.8922 0.3810 0.2819 0.6137 0.7501 0.5414 0.5127 0.3450 0.2564 0.6747 0.9538 0.4894 0.3180 0.6947 0.5984 0.5650 0.4311 0.4277 0.2752 0.7959 1.0824 0.5997 0.1803 0.9562 0.7446 0.7178 0.5893 0.4343 0.2101 
2318.jpeg 0.4533 0.5619 0.3188 0.2649 0.5587 0.9742 0.5516 1.0214 0.2793 0.2140 0.5748 0.8314 0.4242 0.3365 0.4865 0.3809 0.4529 0.3756 0.3326 0.2787 0.7709 0.6379 0.6869 0.4333 0.7086 0.4006 0.6244 0.5237 0.4541 0.2875 
2674.jpeg 0.5272 0.4747 0.4599 0.4467 0.6234 0.9445 0.5713 0.7834 0.3354 0.2180 0.6658 0.6739 0.6522 0.6165 0.8398 1.0510 0.7173 0.8545 0.3649 0.1873 1.0164 0.8369 1.0963 1.0323 1.1533 0.8387 0.9543 0.9902 0.5072 0.2359 
2675.jpeg 0.8290 0.8297 0.7148 0.6979 0.8901 1.1751 0.8590 1.0731 0.6233 0.5385 0.9570 0.9258 0.7717 0.5747 0.8870 0.9348 0.8132 0.8393 0.5729 0.3596 1.2966 1.2824 1.1162 1.3513 1.0020 0.6647 0.7815 0.6001 0.5988 0.2722 
2676.jpeg 0.5994 0.4756 0.3761 0.2141 0.5804 0.6273 0.5873 0.7402 0.3269 0.1706 0.7225 0.4763 0.5498 0.3486 0.7457 0.8430 0.7586 0.9942 0.3763 0.1554 0.9689 0.5480 1.0201 0.9321 1.1233 1.0351 0.8703 0.7640 0.4675 0.1611 
2677.jpeg 0.5404 0.4297 0.4866 0.4805 0.6831 1.1268 0.6220 0.8728 0.3650 0.2150 0.6816 0.6543 0.6603 0.6755 0.9204 1.4692 0.7927 1.0682 0.3654 0.1781 1.0175 0.7113 1.0928 1.1444 1.2698 1.1727 1.0151 1.1313 0.5361 0.2227 
2678.jpeg 0.6082 0.9874 0.4757 0.5987 0.9460 2.1371 1.0646 2.7258 0.3968 0.4046 0.7954 1.3412 0.6376 0.8220 1.4332 3.6352 1.4274 4.4257 0.4367 0.3517 1.0680 1.1501 1.1543 1.6953 2.7596 7.3802 2.0339 5.1649 0.6056 0.4573 
3050.jpeg 0.9021 0.7121 1.0545 0.9097 1.5121 1.6173 1.4221 1.2303 1.0654 0.9239 1.0365 0.8579 1.0875 0.8531 1.5264 1.2783 1.3704 0.9715 1.0556 0.8087 1.2101 0.7746 1.2838 0.8768 1.7566 1.2862 1.5636 1.5198 1.1786 0.8349 
3051.jpeg 0.7825 0.5872 1.0228 0.8146 1.3715 1.2927 1.1967 1.0088 0.8784 0.6235 0.8478 0.7430 1.0693 0.7419 1.4555 1.2290 1.1494 0.7037 0.7774 0.4304 0.9897 0.6453 1.3330 0.7420 1.6197 1.1225 1.1834 0.4949 0.9001 0.3910 
3052.jpeg 0.4659 0.3843 0.4411 0.2097 0.6749 0.4786 0.6548 0.5095 0.4105 0.2263 0.6376 0.4874 0.6901 0.3498 0.9682 0.7123 0.8771 0.6349 0.5232 0.2286 0.9287 0.7310 1.2838 1.2509 1.6277 1.2023 1.2542 1.0400 0.7231 0.3109 
3053.jpeg 1.0398 0.8844 1.1099 0.8223 1.4072 1.2174 1.3193 0.9102 1.0521 0.7038 1.1747 0.9486 1.0922 0.6469 1.3569 1.1354 1.1744 0.7057 1.0302 0.6803 1.2551 0.7788 1.3048 0.7553 1.5344 1.1535 1.2060 0.5873 1.1828 0.7444 
3054.jpeg 0.9980 0.9150 1.0668 0.8653 1.3240 1.0661 1.3397 1.0580 1.0424 0.8109 1.1704 1.1803 1.0699 0.6659 1.3551 0.9574 1.2683 0.8083 1.1076 0.8159 1.3820 1.3147 1.3526 0.9265 1.7147 1.1163 1.4600 0.7768 1.2644 0.7589 
3120.jpeg 0.3714 0.3482 0.3204 0.1071 0.5661 0.4250 0.5162 0.3381 0.3008 0.0941 0.4864 0.5121 0.4509 0.2460 0.8347 0.8861 0.7040 0.6050 0.3692 0.1353 0.7197 0.7392 0.8294 0.6509 1.4107 1.4676 1.0057 0.7730 0.5560 0.3213 
3121.jpeg 0.3775 0.3952 0.3290 0.1215 0.5143 0.3080 0.5140 0.3964 0.3080 0.1129 0.4746 0.5467 0.4396 0.2109 0.7765 0.5756 0.6837 0.6199 0.3778 0.1818 0.7541 0.8816 0.7938 0.3962 1.4783 1.3591 1.1099 0.8636 0.6426 0.4584 
3122.jpeg 0.2896 0.2462 0.2490 0.1044 0.4793 0.3481 0.5737 0.5468 0.2488 0.1151 0.3621 0.3147 0.3275 0.1487 0.8146 0.7865 0.9604 0.9149 0.3317 0.1919 0.6880 0.5041 0.6677 0.2323 1.7924 2.8582 1.9380 2.1430 0.5598 0.3247 
3123.jpeg 0.3186 0.3166 0.3513 0.1987 0.6611 0.4891 0.5660 0.3079 0.2814 0.0984 0.4445 0.4665 0.5122 0.3316 0.9824 0.7449 0.8404 0.5381 0.3857 0.1733 0.6597 0.6041 0.9324 0.8292 1.6109 1.4194 1.0467 0.5444 0.5206 0.2086 
3124.jpeg 0.5305 0.5593 0.4383 0.2480 0.5921 0.4097 0.5487 0.3525 0.3693 0.1466 0.6595 0.8586 0.6096 0.5110 0.8197 0.8938 0.6437 0.4783 0.4056 0.1989 1.0135 1.2326 1.0301 0.9582 1.4571 2.2342 0.9893 1.0231 0.5661 0.3152 
3125.jpeg 0.3577 0.3682 0.3113 0.1382 0.5274 0.4742 0.4606 0.3624 0.2641 0.0908 0.4451 0.5453 0.4420 0.2517 0.8354 0.9991 0.6289 0.6104 0.3378 0.1473 0.7198 0.7653 0.8164 0.7637 1.4827 1.5643 1.0159 0.7685 0.5236 0.3135 
3126.jpeg 0.2646 0.1153 0.2641 0.1011 0.4719 0.4176 0.3996 0.3118 0.2320 0.0727 0.3478 0.1606 0.3733 0.1655 0.6908 0.7149 0.5979 0.6458 0.2926 0.1006 0.5603 0.3017 0.7026 0.3759 1.2453 1.4770 0.9618 0.9574 0.4478 0.1631 
3127.jpeg 0.3824 0.3270 0.3170 0.1009 0.5595 0.3896 0.5169 0.4126 0.3100 0.1162 0.4914 0.4787 0.4097 0.1832 0.8227 0.8499 0.6878 0.6202 0.3582 0.1464 0.7649 0.8047 0.7748 0.4919 1.2987 1.1962 1.0500 0.8481 0.5633 0.3262 
3128.jpeg 0.3497 0.2588 0.3467 0.1639 0.6053 0.5355 0.5756 0.3736 0.3263 0.1685 0.4930 0.5152 0.4608 0.3234 0.9241 1.0066 0.8412 0.6933 0.3917 0.2157 0.8459 0.6579 0.8704 0.7235 1.9377 3.5465 1.4997 1.8456 0.5747 0.3155 
3161.jpeg 0.2271 0.1278 0.2298 0.0882 0.3350 0.1782 0.3318 0.2015 0.2024 0.0742 0.3562 0.1970 0.3765 0.1700 0.4259 0.2004 0.4277 0.2413 0.3144 0.1582 0.5245 0.2759 0.5153 0.0937 0.6358 0.2511 0.4441 0.1218 0.3944 0.1999 
3162.jpeg 0.2959 0.1637 0.2400 0.0998 0.4115 0.2601 0.3881 0.2941 0.2404 0.1045 0.5089 0.3495 0.3709 0.1142 0.5778 0.3734 0.5271 0.3685 0.4012 0.2039 0.8332 0.6588 0.6917 0.2257 0.8261 0.4256 0.6099 0.2909 0.5463 0.3100 
3163.jpeg 0.2087 0.0597 0.2273 0.0574 0.4112 0.3083 0.3854 0.2644 0.2108 0.0667 0.2912 0.1094 0.3382 0.1176 0.5859 0.4637 0.5493 0.3995 0.2704 0.0859 0.4522 0.1351 0.6215 0.2422 0.8567 0.5131 0.7873 0.5962 0.4030 0.2385 
3164.jpeg 0.4014 0.3258 0.4125 0.2005 0.6406 0.4598 0.6422 0.5832 0.3875 0.2136 0.5797 0.3999 0.6767 0.5282 0.9224 0.6737 1.0555 1.4443 0.5823 0.3547 0.9793 0.6430 1.1113 0.7135 1.3376 0.9948 1.4671 2.0309 0.8121 0.4365 
3165.jpeg 0.1817 0.0614 0.1754 0.0432 0.2847 0.0955 0.3363 0.2584 0.1824 0.0823 0.3036 0.2064 0.2698 0.0689 0.4102 0.1452 0.5421 0.4631 0.2795 0.1454 0.5156 0.2849 0.5711 0.1875 0.7226 0.3177 0.8150 0.7209 0.4480 0.2363 
3166.jpeg 0.2629 0.0835 0.2727 0.0869 0.4442 0.2642 0.4124 0.2076 0.2477 0.0633 0.3483 0.1344 0.3803 0.1584 0.5662 0.3907 0.5400 0.3823 0.3124 0.1036 0.5332 0.2052 0.6485 0.2154 0.8933 0.5274 0.8373 0.6051 0.4698 0.1878 
3167.jpeg 0.2376 0.1277 0.2281 0.0729 0.3752 0.1871 0.4559 0.2374 0.3114 0.1883 0.3686 0.2136 0.3581 0.1469 0.5640 0.3415 0.7502 0.5912 0.5509 0.5710 0.6342 0.3137 0.5836 0.1204 0.9465 0.5717 1.0880 0.9928 0.8085 0.8361 
3752.jpeg 0.4076 0.3506 0.4516 0.2297 0.8034 0.6504 0.7549 0.7915 0.3881 0.1729 0.5943 0.5441 0.6716 0.3636 0.9653 0.6166 0.7950 0.5162 0.5162 0.2622 1.0260 1.0328 1.0920 0.4747 1.7447 1.5274 1.1671 0.9088 0.7499 0.4484 
3753.jpeg 0.5628 0.5851 0.5354 0.3806 0.7506 0.8651 0.6893 0.6298 0.5268 0.4526 0.6527 0.7212 0.6206 0.3497 0.8470 0.7072 0.8337 0.7199 0.6006 0.4237 0.9594 1.1994 0.8766 0.4396 1.3632 1.2167 1.4069 0.9281 0.7991 0.5415 
3754.jpeg 0.5166 0.4208 0.3957 0.1631 0.5209 0.2455 0.5158 0.2417 0.4347 0.2326 0.6498 0.5832 0.5027 0.2164 0.7648 0.5444 0.6999 0.3931 0.5644 0.3368 1.0031 0.9377 0.8685 0.5591 1.3385 1.0367 1.0733 0.6486 0.7967 0.6244 
3755.jpeg 0.5056 0.3637 0.5069 0.2382 0.6109 0.3615 0.5069 0.1894 0.3855 0.1242 0.6558 0.5247 0.6991 0.4061 0.8382 0.5227 0.6562 0.3146 0.4363 0.1287 0.9696 0.8966 1.0987 0.7784 1.5679 1.0252 1.0068 0.6463 0.5516 0.1742 
3756.jpeg 0.4925 0.4977 0.3494 0.1225 0.5373 0.3278 0.5140 0.3081 0.3125 0.1139 0.6218 0.7243 0.4605 0.1349 0.7394 0.5281 0.6528 0.3052 0.3977 0.1241 1.0740 1.3592 0.7924 0.3139 1.3943 1.3333 1.0381 0.5867 0.5692 0.1628 
3757.jpeg 0.6478 0.7324 0.4128 0.1565 0.5834 0.2956 0.5633 0.3296 0.4157 0.1885 0.8702 1.2162 0.5603 0.2148 0.8658 0.5599 0.7234 0.4213 0.5193 0.2201 1.5249 1.8355 0.9744 0.4647 1.3365 0.8782 1.0094 0.6005 0.7022 0.3123 
3758.jpeg 0.4797 0.3578 0.4490 0.2591 0.5248 0.3086 0.4526 0.1914 0.3363 0.1094 0.6042 0.5244 0.5795 0.3689 0.7157 0.4456 0.5893 0.2993 0.3982 0.1209 0.8486 0.8573 0.9364 0.5625 1.3860 1.0623 0.9308 0.6001 0.5401 0.2374 
3822.jpeg 0.4865 0.3524 0.5141 0.2865 0.8178 0.5532 0.8849 0.5963 0.5632 0.3562 0.5874 0.3950 0.6315 0.4115 0.9304 0.6674 0.9793 0.6571 0.5869 0.3728 0.7694 0.2949 0.8299 0.4188 1.2725 1.0868 1.1081 0.6477 0.6536 0.2705 
3823.jpeg 0.1974 0.0808 0.2530 0.0903 0.5447 0.5083 0.3837 0.4678 0.1738 0.0685 0.2608 0.0933 0.3293 0.0931 0.6961 0.6366 0.4339 0.4336 0.1845 0.0491 0.3920 0.1265 0.5337 0.1389 0.9000 0.5837 0.5310 0.3371 0.2105 0.0353 
3824.jpeg 0.1945 0.0962 0.2343 0.0890 0.4897 0.4764 0.3611 0.4718 0.1667 0.0714 0.2528 0.1283 0.3099 0.1033 0.6212 0.5670 0.4025 0.3698 0.1809 0.0558 0.3736 0.1323 0.5232 0.1479 0.9045 0.5604 0.5153 0.3031 0.2061 0.0473 
3825.jpeg 0.2435 0.1104 0.2743 0.1084 0.5218 0.5220 0.3967 0.3759 0.2021 0.0809 0.3316 0.1518 0.3841 0.1427 0.7293 0.6986 0.4951 0.5337 0.2457 0.0900 0.4742 0.1700 0.6318 0.1967 0.9717 0.6851 0.6042 0.3732 0.3239 0.0902 
3826.jpeg 0.2897 0.1380 0.3350 0.1785 0.5549 0.6191 0.4823 0.6355 0.2786 0.1706 0.4051 0.2052 0.4806 0.2700 0.7306 0.7360 0.5937 0.7617 0.3250 0.1338 0.5205 0.1622 0.7297 0.3384 0.9621 0.5380 0.6862 0.3513 0.4169 0.1304 
3827.jpeg 0.2583 0.1062 0.2928 0.1310 0.5307 0.6679 0.3951 0.4331 0.2286 0.1144 0.3443 0.1784 0.4063 0.1604 0.6757 0.6066 0.4757 0.4385 0.2835 0.1570 0.4650 0.1242 0.6180 0.1510 0.9740 0.6627 0.6370 0.3493 0.3875 0.1304 
3828.jpeg 0.1971 0.0976 0.2242 0.1457 0.4093 0.4964 0.2976 0.2657 0.1586 0.0732 0.3062 0.2482 0.3839 0.2813 0.6639 0.8424 0.3943 0.2949 0.2294 0.1316 0.5180 0.2376 0.7605 0.6119 0.8844 0.7416 0.4942 0.1855 0.3249 0.1385 
4025.jpeg 0.4182 0.4271 0.1852 0.0477 0.1811 0.0643 0.1915 0.0866 0.1633 0.0573 0.6036 0.7163 0.2945 0.0701 0.2586 0.0670 0.2379 0.0878 0.1994 0.0529 1.0231 1.0909 0.6121 0.1315 0.4659 0.0576 0.2812 0.0675 0.2635 0.0565 
4026.jpeg 0.4360 0.3838 0.2086 0.0497 0.1970 0.0500 0.1711 0.0527 0.1881 0.0613 0.6279 0.6649 0.2941 0.0457 0.2156 0.0250 0.1712 0.0348 0.2328 0.0886 0.8810 0.7918 0.5264 0.0547 0.4013 0.0242 0.1892 0.0163 0.3022 0.0905 
4027.jpeg 0.7731 0.8701 0.4697 0.3259 0.5428 0.5556 0.4831 0.4893 0.4450 0.4218 0.8121 0.9104 0.5085 0.2691 0.6661 0.8496 0.5672 0.5311 0.4705 0.5036 1.0913 1.1700 0.7478 0.2829 1.1812 2.5433 0.7609 1.0116 0.5565 0.4999 
4028.jpeg 0.5644 0.7773 0.3390 0.2227 0.3528 0.3549 0.3061 0.2623 0.2882 0.1972 0.7992 1.6422 0.5403 0.3688 0.4782 0.4999 0.3455 0.2961 0.3808 0.3129 1.1896 2.1806 0.9451 0.6682 0.7894 0.7193 0.4435 0.2958 0.5416 0.3447 
4029.jpeg 0.6671 0.9784 0.3829 0.2677 0.4390 0.4063 0.4026 0.3087 0.3717 0.2911 0.8254 1.1152 0.4316 0.1882 0.4791 0.3506 0.4072 0.2975 0.3918 0.2143 0.9960 0.9851 0.7144 0.2240 0.6554 0.2979 0.4564 0.2301 0.4203 0.1524 
4039.jpeg 0.5270 0.4140 0.3286 0.1450 0.3721 0.2314 0.3664 0.2103 0.3280 0.1536 0.7181 0.7059 0.4488 0.1802 0.4296 0.2339 0.4179 0.2365 0.4248 0.2034 0.9920 0.7852 0.7224 0.2076 0.6725 0.3225 0.5942 0.3903 0.5608 0.2195 
404.jpeg 0.7678 0.3671 0.8143 0.3710 1.0229 0.5964 1.0520 0.6839 0.7854 0.3492 0.8534 0.4207 0.7476 0.2678 0.7878 0.4045 0.8273 0.3480 0.7119 0.2301 0.9879 0.6800 0.6933 0.2373 0.6676 0.2112 0.7039 0.1700 0.6674 0.1660 
4040.jpeg 0.5099 0.5438 0.2845 0.1093 0.3026 0.2585 0.2601 0.2254 0.2302 0.0783 0.7178 0.9757 0.4011 0.1757 0.3912 0.2929 0.2849 0.2486 0.2779 0.0940 1.0034 1.1898 0.7758 0.3172 0.7139 0.5271 0.4140 0.2942 0.4009 0.1838 
4041.jpeg 0.7775 1.2056 0.4175 0.3333 0.3991 0.3739 0.4099 0.4362 0.4594 0.5478 0.9735 1.1430 0.4375 0.2728 0.4020 0.2800 0.3647 0.2860 0.5677 0.7614 1.0604 0.9256 0.6476 0.1988 0.5352 0.2315 0.4458 0.3694 0.5881 0.5479 
4042.jpeg 0.6414 0.7112 0.3258 0.1333 0.3252 0.1988 0.3488 0.1844 0.3560 0.1802 0.8457 1.1393 0.3800 0.1236 0.3781 0.2374 0.3845 0.1980 0.3975 0.1659 1.2554 1.4525 0.6900 0.2027 0.6564 0.5030 0.6545 0.5287 0.5072 0.1776 
4052.jpeg 0.3691 0.2086 0.3437 0.1900 0.4018 0.3178 0.3447 0.2068 0.2575 0.0925 0.4780 0.4224 0.4329 0.2508 0.4925 0.3858 0.3427 0.1703 0.2587 0.0676 0.5933 0.2864 0.7714 0.4719 0.8482 0.8022 0.4410 0.2000 0.2727 0.0711 
4053.jpeg 0.4568 0.4486 0.4190 0.5529 0.4155 0.5535 0.2917 0.1643 0.2899 0.2067 0.5502 0.5902 0.5113 0.5759 0.4105 0.3265 0.2714 0.1061 0.2736 0.1490 0.5859 0.3338 0.6577 0.2910 0.5776 0.2757 0.3300 0.0969 0.2948 0.0813 
4054.jpeg 1.2221 2.0068 0.6441 0.5516 0.5530 0.3906 0.5559 0.4754 0.5709 0.4488 1.6512 2.7816 0.8104 0.5082 0.5781 0.3465 0.5545 0.3532 0.6615 0.4762 2.3471 4.3162 1.2651 0.7151 0.7953 0.3579 0.6495 0.3152 0.9044 0.6379 
4055.jpeg 0.9785 1.3829 0.7625 0.5299 0.8222 0.6940 0.7475 0.4659 0.7914 0.8710 1.1468 1.8913 0.8286 0.6872 0.8227 0.4799 0.7621 0.3988 0.8372 0.6905 1.4475 2.8460 0.9675 0.4073 0.9037 0.3681 0.8497 0.4021 0.9467 0.6620 
4056.jpeg 1.1707 0.9180 0.9188 0.5251 0.9160 0.5872 0.8939 0.8268 0.8702 0.6349 1.4622 1.1865 1.1285 0.7236 0.9526 0.5850 0.8640 0.5886 0.9270 0.4985 1.4410 0.9739 1.4288 1.2000 1.1294 0.6609 0.9209 0.5767 0.8727 0.4267 
4066.jpeg 0.5219 0.2282 0.4317 0.1143 0.4799 0.1490 0.5251 0.1786 0.4540 0.1152 0.6080 0.2761 0.4402 0.0852 0.4484 0.1123 0.5230 0.1444 0.5359 0.1406 0.7496 0.4761 0.5563 0.0930 0.5306 0.0982 0.5809 0.1303 0.5025 0.1067 
4067.jpeg 0.7672 0.7025 0.7055 0.3702 0.6777 0.3897 0.5348 0.2009 0.5430 0.2105 0.8949 1.0164 0.8943 0.5795 0.7257 0.2999 0.5169 0.1693 0.5427 0.1837 1.2978 2.7300 1.0344 0.5241 0.9023 0.4160 0.5547 0.1673 0.6382 0.2963 
4068.jpeg 0.5098 0.3597 0.5629 0.5726 0.7648 0.8552 0.7640 1.0333 0.5083 0.4226 0.6169 0.4332 0.6308 0.4896 0.8743 0.9078 0.7986 1.1676 0.5091 0.3231 0.7947 0.4744 0.8675 0.4532 1.0402 0.7908 0.9592 0.8931 0.5169 0.2569 
4069.jpeg 1.2320 1.1574 0.9805 0.6134 1.3336 1.1016 2.6772 6.5136 0.9491 0.5297 1.4081 1.1244 1.0574 0.6021 1.2551 1.0037 1.6764 2.0000 0.9088 0.3793 1.4734 0.9033 1.2441 0.8128 1.6035 1.2869 1.6984 1.9874 0.9324 0.4477 
407.jpeg 0.6896 0.6795 0.7722 0.9316 0.7837 0.9038 0.7166 0.7889 0.7235 0.9189 0.7484 0.6999 0.8363 0.8895 0.7758 0.8093 0.6312 0.5706 0.7230 0.9620 1.0375 0.8203 1.1575 1.2098 0.8475 0.6226 0.7013 0.4914 0.7669 0.6281 
4244.jpeg 0.5145 0.7722 0.3526 0.3708 0.4238 0.4030 0.4265 0.5344 0.2765 0.2710 0.5998 0.8034 0.4283 0.3007 0.5345 0.4215 0.4450 0.3656 0.2702 0.1636 0.9177 0.9900 0.6561 0.2063 0.8778 0.7521 0.5117 0.3737 0.3169 0.1329 
4245.jpeg 0.6354 0.5977 0.6167 0.6325 0.9007 0.7694 0.9368 0.7642 0.5823 0.4519 0.7059 0.5730 0.6098 0.2985 0.9236 0.5639 0.8406 0.4971 0.6234 0.5027 0.7709 0.4516 0.6655 0.1747 1.0120 0.4449 0.9026 0.5245 0.5607 0.2177 
4246.jpeg 0.3591 0.0801 0.3446 0.0766 0.4014 0.1301 0.3637 0.1079 0.2696 0.0433 0.3949 0.0874 0.4071 0.0808 0.3935 0.1086 0.3003 0.0560 0.2468 0.0388 0.4486 0.0830 0.5131 0.0931 0.4817 0.1025 0.3044 0.0561 0.2418 0.0332 
4258.jpeg 0.6533 0.3840 0.4817 0.1785 0.5166 0.2622 0.4937 0.2204 0.4607 0.1889 0.8104 0.4793 0.5194 0.1640 0.5051 0.1942 0.4827 0.2137 0.5087 0.1771 1.0486 0.5608 0.7582 0.2043 0.6127 0.2031 0.5012 0.1488 0.5821 0.2047 
4259.jpeg 0.1880 0.0700 0.3739 0.5783 0.6128 0.7611 0.3334 0.1219 0.1696 0.0647 0.2879 0.1323 0.5617 0.5534 0.8927 0.7711 0.4441 0.1870 0.2176 0.0747 0.4219 0.1344 0.8801 0.4941 1.1708 1.0595 0.5129 0.2501 0.2843 0.1133 
426.jpeg 0.6426 0.4375 0.8190 0.6938 1.7013 2.1894 1.2406 1.2119 0.6396 0.3476 0.5905 0.4088 0.7737 0.5226 1.8525 2.7429 1.0740 0.8007 0.5435 0.3232 0.5543 0.2377 0.9063 0.7741 1.6475 1.3109 0.9282 0.4909 0.5205 0.3261 
4271.jpeg 0.3901 0.1692 0.3952 0.1831 0.5299 0.3026 0.5713 0.2684 0.4216 0.2002 0.5135 0.2414 0.4493 0.1834 0.4795 0.2054 0.4993 0.2119 0.4641 0.2369 0.6752 0.2650 0.6054 0.1485 0.5897 0.2312 0.5350 0.2094 0.5257 0.2589 
4272.jpeg 0.4141 0.2821 0.2561 0.0843 0.2136 0.0434 0.1980 0.0536 0.2131 0.0601 0.5665 0.5337 0.3225 0.0829 0.2362 0.0409 0.1802 0.0272 0.2475 0.0656 0.8425 0.7569 0.5192 0.0673 0.3740 0.0232 0.1929 0.0190 0.2499 0.0531 
4273.jpeg 0.5700 0.4120 0.3564 0.1229 0.3242 0.1000 0.3081 0.0920 0.2756 0.0674 0.8418 1.0023 0.4587 0.1356 0.3400 0.1355 0.2898 0.0979 0.3432 0.0953 0.9321 0.6015 0.6629 0.1652 0.4397 0.0598 0.3209 0.0793 0.3784 0.0862 
4285.jpeg 0.6444 0.2092 0.9705 0.6970 0.9244 0.4258 0.8014 0.2927 0.6958 0.2353 0.6567 0.2021 0.9614 0.7030 0.8661 0.3469 0.6790 0.2123 0.6453 0.2624 0.6135 0.1255 1.1953 0.8991 1.0244 0.5806 0.7898 0.2230 0.5759 0.1864 
4286.jpeg 0.6383 0.2146 0.9786 0.6797 0.9437 0.4463 0.8354 0.3319 0.7086 0.2716 0.6454 0.1910 0.9822 0.7323 0.8726 0.3608 0.7040 0.2532 0.6527 0.2585 0.6579 0.1398 1.2161 0.9663 1.0530 0.6065 0.8062 0.2569 0.5982 0.1862 
4287.jpeg 0.6584 0.6187 0.7903 0.7147 1.1668 1.4543 1.0750 1.2550 0.6999 0.6052 0.8016 0.6872 0.9617 0.7104 1.6508 2.4294 1.3322 1.6818 0.8352 0.8602 1.0068 0.8035 1.4405 1.0481 2.1693 1.9074 1.7763 1.7204 1.0690 0.6637 
